0 0.0 100.0
1 15.0 115.0
2 30.0 130.0
3 45.0 145.0
4 60.0 160.0
5 75.0 175.0
6 90.0 190.0
7 105.0 205.0
8 120.0 220.0
9 135.0 235.0
10 150.0 250.0
11 165.0 265.0
12 180.0 280.0
13 195.0 295.0
14 210.0 310.0
15 225.0 325.0
16 240.0 340.0
17 255.0 355.0
18 270.0 370.0
19 285.0 385.0
20 300.0 400.0
21 315.0 415.0
22 330.0 430.0
23 345.0 445.0
24 360.0 460.0
25 375.0 475.0
26 390.0 490.0
27 405.0 505.0
28 420.0 520.0
29 435.0 535.0
30 450.0 550.0
31 465.0 565.0
32 480.0 580.0
33 495.0 595.0
34 510.0 610.0
35 525.0 625.0
36 540.0 640.0
37 555.0 655.0
38 570.0 670.0
39 585.0 685.0
40 600.0 700.0
41 615.0 715.0
42 630.0 730.0
43 645.0 745.0
44 660.0 760.0
45 675.0 775.0
46 690.0 790.0
47 705.0 805.0
48 720.0 820.0
49 735.0 835.0
50 750.0 850.0
51 765.0 865.0
52 780.0 880.0
53 795.0 895.0
54 810.0 910.0
55 825.0 925.0
56 840.0 940.0
57 855.0 955.0
58 870.0 970.0
59 885.0 985.0
60 900.0 1000.0
61 915.0 1015.0
62 930.0 1030.0
63 945.0 1045.0
64 960.0 1060.0
65 975.0 1075.0
66 990.0 1090.0
67 1005.0 1105.0
68 1020.0 1120.0
69 1035.0 1135.0
70 1050.0 1150.0
71 1065.0 1165.0
72 1080.0 1180.0
73 1095.0 1195.0
74 1110.0 1210.0
75 1125.0 1225.0
76 1140.0 1240.0
77 1155.0 1255.0
78 1170.0 1270.0
79 1185.0 1285.0
80 1200.0 1300.0
81 1215.0 1315.0
82 1230.0 1330.0
83 1245.0 1345.0
84 1260.0 1360.0
85 1275.0 1375.0
86 1290.0 1390.0
87 1305.0 1405.0
88 1320.0 1420.0
89 1335.0 1435.0
90 1350.0 1450.0
91 1365.0 1465.0
92 1380.0 1480.0
93 1395.0 1495.0
94 1410.0 1510.0
95 1425.0 1525.0
96 1440.0 1540.0
97 1455.0 1555.0
98 1470.0 1570.0
99 1485.0 1585.0
